>> B = [ 1 2 3 4 ; 0 -2 -4 6 ; 1 -1 0 0 ]
B =

   1   2   3   4
   0  -2  -4   6
   1  -1   0   0

>> B (2,3)
ans = -4
>> B (1, :)
ans =

   1   2   3   4

>> B(3,:) = (-1)*B(1,:)+B(3,:)
B =

   1   2   3   4
   0  -2  -4   6
   0  -3  -3  -4

>> B(3,:) = -1.5 * B(2,:) + B(3,:)
B =

    1    2    3    4
    0   -2   -4    6
    0    0    3  -13

>> 17/3
ans =  5.6667
>> rref(B)
ans =

   1.00000   0.00000   0.00000   5.66667
   0.00000   1.00000   0.00000   5.66667
   0.00000   0.00000   1.00000  -4.33333

>> format long
>> rref(B)
ans =

   1.000000000000000e+00   0.000000000000000e+00   0.000000000000000e+00   5.666666666666667e+00
   0.000000000000000e+00   1.000000000000000e+00   0.000000000000000e+00   5.666666666666666e+00
   0.000000000000000e+00   0.000000000000000e+00   1.000000000000000e+00  -4.333333333333333e+00

>> format short
>> A = B(:,1:3)
A =

   1   2   3
   0  -2  -4
   0   0   3

>> b = B (:,4)
b =

    4
    6
  -13

>> A\b
ans =

   5.6667
   5.6667
  -4.3333

>> A
A =

   1   2   3
   0  -2  -4
   0   0   3

>> A = [1 2 3; 0 -2 -4; 1 -1 0]
A =

   1   2   3
   0  -2  -4
   1  -1   0

>> [L U] = lu(A)
L =

   1.00000   0.00000   0.00000
   0.00000   0.66667   1.00000
   1.00000   1.00000   0.00000

U =

   1   2   3
   0  -3  -3
   0   0  -2

>> [L U P] = lu(A)
L =

   1.00000   0.00000   0.00000
   1.00000   1.00000   0.00000
   0.00000   0.66667   1.00000

U =

   1   2   3
   0  -3  -3
   0   0  -2

P =

Permutation Matrix

   1   0   0
   0   0   1
   0   1   0

>> diary off
